32106
30248
32235
30512
30860
29980
30171
30833
30612
30476
34244
33104
30423
30301
33534
31896
30352
30062
30028
31713
30593
31295
30658
30289
30331
30567
32389
30509
33251
31221
30298
31929
31218
33073
30682
30486
30348
32164
30741
30364
31508
30530
32201
30505
30004
31967
30114
30115
30329
31715
30746
30808
33514
30489
30022
30048
30548
30158
30106
31356
29969
31944
30668
30638
31107
31237
30587
30134
30999
31716
30755
31844
30102
30189
30829
30455
30016
30848
29971
30165
30086
31958
30659
30223
32520
31033
33898
30662
34066
30211
30738
30409
30367
30284
31211
30478
33757
31137
31017
30105
30871
32906
30688
30196
31536
30349
32153
29974
30207
31750
30472
30750
30842
30494
31842
34036
30286
30054
32191
32705
30212
31157
30237
31345
30014
33497
30084
30184
30920
31070
30255
30322
31155
30082
30311
30035
32363
34370
33131
31553
31116
30707
30182
29995
30766
30153
32298
32187
30038
30794
33595
30900
30055
30219
30337
30849
30018
30230
31195
30791
30015
30227
30901
30426
30061
32198
30868
33303
30522
30745
30418
31914
31311
32007
33014
32252
30573
31121
30696
30334
31425
33870
31689
30148
33540
31087
31160
30463
30354
30033
30019
31430
32107
30210
30514
30913
31203
30200
31111
30553
33078
30731
30312
31794
30992
31101
31259
31270
30419
31540
30109
30841
30784
30297
30519
30221
30963
30783
30910
30933
33906
29970
30250
30021
30728
32075
31518
30191
30722
33476
30448
30721
31165
30417
30007
30653
34534
30973
31684
31708
30346
31999
30445
30899
31916
32403
30679
31761
30414
33338
31062
31428
30435
30626
30288
33950
31105
29985
30229
32691
32926
30204
32760
30371
30449
30119
30909
30375
30188
30589
30792
30447
30935
30924
30488
31167
30256
30902
34274
30947
30866
30156
30272
31981
32267
31838
30415
30399
31373
30295
30122
31799
30710
30271
31873
31835
30197
34548
30872
30261
33731
30747
30132
30988
32656
30123
31127
30332
30480
29977
29968
32958
30820
30444
30627
31519
30339
30161
30166
31810
30315
30075
32765
30762
31488
30704
30008
31556
33302
33857
30307
33773
31507
31148
32101
30147
30280
30852
30583
31129
30893
30875
31824
30129
30139
33460
32014
33827
30504
32480
31986
30440
33210
29986
31706
30533
33596
30041
30294
32617
30151
30949
31609
30306
30394
30049
33296
30701
32391
31418
30513
31117
30396
29978
30730
30143
30960
30717
32688
31104
30724
32860
30976
30618
30020
30686
31184
32733
30040
32909
30162
30185
31900
30503
31628
29989
30675
30527
33374
31460
30361
30228
30023
30532
30187
31894
31450
34240
30650
31164
30222
30475
32104
31461
30698
31109
30398
33844
33947
32810
30265
31098
31574
30751
31940
32620
30377
32233
33477
33386
30606
31147
31171
30372
31849
30416
31862
30565
33138
32219
33592
30753
30169
30581
31801
30299
31846
31041
31085
31960
30181
30597
33348
30069
30802
31075
31219
30723
30697
33621
31891
30213
30277
30108
31921
30003
31683
33607
31800
32548
31183
31420
30281
30991
30782
30120
30205
31701
31406
30408
30712
31534
31286
30208
30938
33767
30832
33394
29994
31170
30874
31239
31652
30535
31978
30547
30124
30152
31784
31969
31680
32530
33936
32528
31879
29979
31007
32183
30005
31542
31011
33190
30742
30683
30673
31284
31298
30474
30013
33215
29973
31686
30274
31905
30595
32103
32225
30807
30524
30663
30708
30896
31963
30739
31854
31337
32734
31917
31754
31569
30296
30468
30257
30732
33539
30384
31088
31395
32821
31798
31771
31236
29982
32290
31073
30562
32115
30360
31282
30648
30087
31635
30804
30080
33319
32741
31150
32900
33051
32073
30692
31292
31665
33144
31034
31972
33525
30233
30376
33200
34269
30591
30908
30291
30290
30971
32740
30310
34293
30302
31376
33088
33092
32400
30903
32929
31673
31729
32144
30954
32326
31936
30540
32242
30571
30582
34215
33689
33132
32203
31364
32015
31436
32508
30186
30930
30235
32085
32813
32113
30972
33875
32058
31083
34557
33294
34281
30451
32624
30780
30224
31021
33664
32005
31467
30873
30670
32323
30461
30429
34270
33194
34250
32993
30469
30397
31608
31453
30894
31888
33336
32160
34353
34196
30330
31013
32193
32584
31919
30674
30359
33790
33585
32844
30317
30117
34218
33962
32938
31616
30566
30944
33183
30607
30358
33411
31580
30786
30287
30891
34226
30145
34291
30202
31307
31006
33410
31717
30174
31301
32163
30088
33946
32023
31181
30610
31599
31687
31662
32063
31097
32118
31468
31867
30407
30570
30517
30516
32133
33983
34206
32060
30916
31158
30661
31934
31404
30729
31525
30131
30888
33530
33789
33675
30324
30130
30203
32277
31349
30420
30779
32612
32739
33097
30452
32768
30194
31861
31709
32138
31010
30609
32397
30076
30214
30931
31514
32443
31206
31751
31782
31339
33895
31523
30569
34287
33941
32972
33274
30897
33846
32715
32227
30580
32899
32276
31982
30953
33415
31938
30220
30702
30822
30635
34033
30906
32064
33041
30914
31671
30433
30892
34332
32824
33107
31419
33389
32206
31232
33365
31262
32222
32420
30457
31627
32159
33648
31489
33199
30846
31251
30126
33483
31115
32432
30098
30726
30634
30770
31577
30073
32713
31997
30177
31441
33116
30341
33409
33013
31331
31515
31249
30550
33368
31545
31261
32243
33635
32202
30812
33758
32485
30917
34199
30898
32012
33334
32286
31026
32205
31546
30676
33164
30563