1320
1319
172
2758
1323
176
1326
2759
1332
1333
1334
183
184
190
191
46
2540
2169
1295
196
1345
197
1346
1351
1349
1350
2497
1352
200
201
1304
2776
202
203
2777
204
205
1359
2779
32
5
31
1364
1363
1365
210
2200
1372
222
2787
2541
136
2154
226
225
1375
227
58
2791
1379
230
1390
232
233
234
235
160
1384
238
1399
2158
244
415
245
416
1395
2181
247
1406
2199
1266
253
2244
1413
254
13
2810
1417
1415
2202
1423
2192
1428
2239
1430
1431
2822
88
48
1434
2182
14
266
1440
2189
1439
85
1446
419
277
1460
2510
1459
280
2837
2509
281
282
1468
2184
283
2201
286
1476
1477
1478
288
289
2612
1480
2843
2845
291
1482
292
2207
294
295
1484
299
300
2241
311
1502
312
1504
2203
314
1505
315
321
1509
323
1513
1514
326
1516
90
328
329
427
2247
334
337
2846
75
2885
1522
341
2737
2618
2211
343
344
347
348
1280
1527
349
1530
2739
350
1537
356
2255
2258
140
363
369
1285
370
373
1139
1721
375
2907
1725
381
382
1728
385
386
388
389
1283
390
2652
392
393
1307
2523
107
396
125
2875
2145
408
2265
1748
410
1753
1755
413
429
2925
430
431
110
33
2252
2254
432
433
1757
435
1761
1763
2259
439
2228
2229
1769
2230
2231
2526
138
1772
1773
446
447
1779
1781
2697
1782
2297
451
1302
2320
1784
2698
1785
366
367
455
1786
456
368
457
1789
3287
1012
1256
2491
1291
150
2338
2555
464
466
146
2354
2355
148
2333
2334
2700
141
2279
479
1313
480
1827
485
1829
2288
2984
486
2296
488
490
170
1837
1836
1835
494
2994
1840
2312
497
2736
498
1289
1845
1849
2322
1850
500
2750
1853
503
1281
99
4
505
2995
506
510
511
74
96
512
513
22
1856
518
519
1857
520
2661
521
522
66
2959
1408
1860
41
3002
84
1550
1551
2332
1547
2319
1552
143
762
2336
536
1871
537
2294
545
162
86
28
1557
1880
2340
1560
556
558
561
562
1569
1571
2706
563
564
1288
566
568
2369
1146
572
1889
1577
83
2327
2325
574
575
3046
1582
1894
1305
1586
1898
581
120
1901
584
585
586
587
1597
588
589
591
592
1596
1905
593
599
1594
1601
600
601
1605
602
603
1609
2360
1613
2349
1607
605
154
1908
606
3146
1611
607
609
2627
1915
1616
610
40
612
3149
1620
1621
616
2366
108
1921
623
624
627
628
629
2387
630
53
95
3051
633
1629
1631
1759
634
3235
1626
1627
635
636
637
1152
151
1933
1935
643
644
97
645
646
1638
647
1942
652
653
109
655
656
1651
657
114
106
660
662
664
2581
963
1653
67
1294
2397
1301
668
1648
1952
155
1666
683
684
29
685
687
689
691
693
1958
1960
1279
1961
3173
699
2383
700
701
1673
1965
706
1859
65
1969
1681
708
2603
2405
104
3
712
715
716
2
1972
1316
2370
43
721
3189
723
9
50
727
728
729
730
55
1687
2635
1695
737
738
1698
1979
743
1692
1696
1982
1983
1984
1987
748
1989
3199
2408
1292
1290
755
1991
1273
1994
78
1997
1709
1711
759
760
763
3211
2378
1714
1037
595
1036
79
772
773
3217
47
45
2380
2524
1050
783
784
785
3114
786
787
1053
788
1063
2015
798
1312
1132
1066
799
2022
1070
2116
1071
2025
811
2395
1075
60
813
1074
1076
2402
828
2030
1087
1086
144
1088
830
831
3250
835
1089
836
837
841
843
2037
72
17
1101
1097
1096
1098
1100
850
852
2406
1105
2042
857
122
858
134
3132
1106
859
1112
147
862
1118
3069
867
873
874
1128
875
878
880
1127
881
1131
2456
1145
94
891
892
1148
894
895
896
897
1155
2539
1151
1153
1156
118
898
2082
128
103
2608
901
902
905
1158
1159
911
1163
1162
1166
119
913
2084
76
1169
1170
1183
1175
1178
2088
919
920
921
2089
1184
924
2092
1186
2729
925
926
1189
928
1264
930
934
1190
129
1191
2098
2473
1192
2478
937
1195
941
942
2731
2461
943
944
945
3315
1219
947
123
1216
1218
1207
1210
1215
949
950
1221
1209
1208
1225
953
954
956
957
1212
2151
73
959
1213
2108
24
973
975
976
56
2115
983
984
985
1231
989
1239
991
2123
993
992
1242
990
1244
994
995
2125
2126
997
1243
998
999
1246
1001
1002
34
1006
1007
2459
1241
1008
1252
69
2488
111
1250
3139
169
1018
1019
1257
1020
1021
42
167
1260
1261
1262
